Turbine control data for turbine  4 :
----------------------------------------
   Time   RSpeed  GSpeed  GenTorque  AeroTorque  Pitch  Power(Gen)  Power(Rot)  RotThrust  WDirection  YawOrient
    1.124    0.878    85.12    38972.9   2455214.6   0.00   3131678.4   2639344.9  345875.3     0.00   30.00
    1.686    0.865    83.90    30932.9   2320551.8   0.00   2449861.7   2458693.6  330349.6     1.78   30.00
    2.222    0.861    83.53    23057.9   2214941.6   0.00   1818171.4   2336520.2  319753.5     2.62   30.00
    2.747    0.866    84.00    15347.9   2132799.7   0.00   1217043.3   2262555.3  313384.0     2.87   30.00
    3.261    0.879    85.30    12170.3   2071136.7   0.00    980008.7   2231150.3  311160.3     2.83   30.00
    3.770    0.896    86.90    13954.3   2029176.5   0.00   1144773.9   2227023.6  313452.4     2.67   30.00
    4.274    0.910    88.24    15436.6   1997944.2   0.00   1285921.8   2226574.7  317678.0     2.45   30.00
    4.777    0.921    89.36    16665.5   1965123.1   0.00   1405763.0   2217564.1  320440.8     2.20   30.00
    5.278    0.931    90.27    17686.0   1930557.3   0.00   1507127.6   2200876.1  321848.1     1.96   30.00
    5.780    0.938    91.02    18528.8   1898408.4   0.00   1592048.9   2182185.5  322675.8     1.74   30.00
    6.284    0.945    91.62    19212.9   1867581.3   0.00   1661731.1   2160928.8  322851.9     1.56   30.00
    6.787    0.949    92.10    19569.8   1838833.4   0.00   1701411.3   2138734.7  322608.3     1.41   30.00
    7.290    0.954    92.49    19777.9   1812664.6   0.00   1726860.3   2117320.9  322125.3     1.29   30.00
    7.792    0.957    92.83    19951.2   1788474.0   0.00   1748266.5   2096590.8  321454.0     1.18   30.00
    8.294    0.960    93.10    20096.0   1765953.6   0.00   1766250.0   2076411.0  320661.7     1.10   30.00
    8.796    0.962    93.34    20216.7   1746148.4   0.00   1781276.7   2058231.0  319943.4     1.03   30.00
    9.297    0.964    93.53    20316.6   1727857.6   0.00   1793711.9   2040807.9  319226.6     0.98   30.00
    9.797    0.966    93.68    20398.5   1711088.9   0.00   1803880.2   2024302.6  318431.1     0.92   30.00
   10.297    0.967    93.80    20464.0   1694983.3   0.00   1811969.7   2007791.8  317481.1     0.88   30.00
   10.796    0.968    93.89    20515.2   1680652.1   0.00   1818234.9   1992716.3  316609.3     0.85   30.00
   11.294    0.969    93.95    20553.9   1667971.9   0.00   1822928.0   1979043.8  315829.1     0.83   30.00
   11.792    0.969    93.99    20581.4   1655253.3   0.00   1826165.7   1964812.8  314858.1     0.82   30.00
   12.289    0.969    94.01    20599.0   1643983.7   0.00   1828138.2   1951874.2  313986.0     0.81   30.00
   12.785    0.969    94.02    20608.0   1633553.7   0.00   1829002.0   1939565.5  313122.8     0.81   30.00
   13.281    0.969    94.01    20609.3   1623800.8   0.00   1828886.4   1927742.8  312242.6     0.81   30.00
   13.776    0.969    93.98    20603.8   1614554.9   0.00   1827900.9   1916243.2  311331.8     0.81   30.00
   14.271    0.968    93.94    20592.5   1606202.0   0.00   1826170.7   1905573.3  310493.3     0.81   30.00
   14.765    0.968    93.89    20575.9   1598128.3   0.00   1823774.9   1895028.8  309617.7     0.81   30.00
   15.259    0.967    93.84    20555.0   1590852.9   0.00   1820821.4   1885265.8  308807.5     0.81   30.00
   15.752    0.967    93.77    20530.1   1583731.6   0.00   1817365.2   1875534.9  307959.8     0.82   30.00
   16.245    0.966    93.70    20501.6   1576678.8   0.00   1813451.5   1865747.8  307051.7     0.82   30.00
   16.738    0.965    93.62    20470.3   1570676.0   0.00   1809186.1   1857108.8  306287.9     0.83   30.00
   17.230    0.964    93.54    20436.4   1564601.3   0.00   1804595.5   1848292.2  305457.2     0.83   30.00
   17.722    0.963    93.45    20400.3   1558844.6   0.00   1799726.3   1839774.7  304645.6     0.83   30.00
   18.214    0.962    93.36    20362.2   1553005.1   0.00   1794599.3   1831086.6  303784.2     0.84   30.00
   18.706    0.962    93.27    20322.2   1547377.9   0.00   1789245.6   1822587.2  302919.2     0.84   30.00
   19.198    0.961    93.17    20280.7   1542183.6   0.00   1783709.1   1814552.8  302105.0     0.85   30.00
   19.690    0.959    93.07    20238.0   1537286.3   0.00   1778027.2   1806834.4  301317.9     0.85   30.00
   20.182    0.958    92.96    20194.3   1532523.2   0.00   1772225.8   1799246.8  300544.5     0.86   30.00
   20.674    0.957    92.86    20149.6   1527770.8   0.00   1766319.4   1791647.4  299750.3     0.86   30.00
   21.166    0.956    92.75    20104.2   1523059.1   0.00   1760320.3   1784075.1  298950.6     0.86   30.00
   21.658    0.955    92.65    20058.2   1518431.6   0.00   1754241.7   1776584.8  298156.6     0.87   30.00
   22.150    0.954    92.54    20011.5   1513964.0   0.00   1748100.2   1769271.1  297372.5     0.87   30.00
   22.642    0.953    92.43    19964.3   1509586.4   0.00   1741894.6   1762051.3  296597.3     0.88   30.00
   23.135    0.952    92.32    19916.7   1505286.0   0.00   1735651.4   1754918.0  295834.7     0.89   30.00
   23.628    0.951    92.20    19868.8   1500950.6   0.00   1729373.8   1747740.3  295059.6     0.89   30.00
   24.121    0.949    92.09    19820.5   1496505.4   0.00   1723058.7   1740429.0  294256.8     0.90   30.00
   24.614    0.948    91.98    19772.0   1492270.3   0.00   1716719.4   1733363.0  293493.9     0.90   30.00
   25.107    0.947    91.86    19723.2   1487914.6   0.00   1710353.5   1726155.1  292709.1     0.91   30.00
   25.600    0.946    91.75    19674.1   1483641.7   0.00   1703967.3   1719044.5  291941.6     0.92   30.00
   26.093    0.945    91.63    19624.8   1479335.5   0.00   1697546.8   1711891.6  291167.4     0.93   30.00
   26.587    0.943    91.51    19575.2   1474888.3   0.00   1691101.8   1704573.5  290369.2     0.93   30.00
   27.081    0.942    91.40    19525.3   1470323.4   0.00   1684625.2   1697115.3  289559.8     0.94   29.72
   27.575    0.941    91.29    19478.5   1475778.6   0.00   1678681.1   1701479.9  289700.1     0.95   29.43
   28.069    0.940    91.20    19435.9   1480383.6   0.00   1673338.0   1705080.3  289761.6     0.96   29.15
   28.563    0.939    91.12    19392.0   1485050.5   0.00   1668101.7   1708963.4  289903.1     0.97   28.87
   29.057    0.939    91.05    19320.0   1489041.1   0.00   1660655.9   1712263.9  289984.4     0.97   28.58
   29.552    0.938    91.00    19259.8   1492930.0   0.00   1654485.7   1715707.9  290116.7     0.98   28.30
   30.047    0.938    90.96    19211.3   1496869.6   0.00   1649568.9   1719448.0  290325.0     0.99   28.02
   30.542    0.937    90.93    19173.3   1499960.0   0.00   1645736.2   1722401.6  290455.1     0.99   27.73
   31.038    0.937    90.90    19144.6   1502879.5   0.00   1642856.8   1725323.1  290614.5     1.00   27.45
   31.534    0.937    90.89    19123.6   1505368.9   0.00   1640771.7   1727883.5  290775.7     1.01   27.16
   32.030    0.937    90.88    19108.6   1507077.3   0.00   1639293.3   1729641.2  290858.1     1.02   26.88
   32.527    0.937    90.87    19098.4   1508617.0   0.00   1638300.3   1731281.9  290956.2     1.03   26.59
   33.024    0.937    90.87    19091.9   1509826.6   0.00   1637678.5   1732600.6  291072.0     1.05   26.31
   33.521    0.937    90.86    19087.8   1510204.7   0.00   1637281.7   1732990.2  291077.3     1.07   26.02
   34.019    0.937    90.86    19085.1   1510395.3   0.00   1637024.6   1733179.2  291104.8     1.10   25.74
   34.517    0.937    90.86    19083.0   1510050.0   0.00   1636813.1   1732749.6  291089.1     1.12   25.45
   35.015    0.937    90.86    19080.2   1508643.8   0.00   1636510.9   1731067.4  290937.8     1.15   25.17
   35.514    0.937    90.85    19075.6   1506338.4   0.00   1635993.5   1728294.3  290660.5     1.18   24.88
   36.013    0.937    90.84    19068.4   1503567.4   0.00   1635185.1   1724919.6  290356.8     1.22   24.60
   36.512    0.936    90.83    19057.6   1499913.9   0.00   1633991.0   1720445.9  289947.7     1.25   24.31
   37.012    0.936    90.81    19042.6   1495592.6   0.00   1632344.5   1715110.0  289457.5     1.30   24.02
   37.512    0.936    90.78    19022.7   1490397.4   0.00   1630170.2   1708661.7  288843.9     1.35   23.74
   38.012    0.936    90.75    18997.2   1484512.9   0.00   1627406.6   1701305.1  288129.1     1.40   23.45
   38.513    0.935    90.71    18965.8   1477822.8   0.00   1624005.4   1692899.9  287289.5     1.46   23.16
   39.014    0.935    90.66    18928.2   1470727.3   0.00   1619953.4   1683909.1  286393.2     1.52   22.88
   39.515    0.934    90.61    18883.5   1462281.7   0.00   1615155.3   1673228.9  285254.1     1.59   22.59
   40.017    0.933    90.54    18831.6   1453397.9   0.00   1609605.8   1661912.0  284044.6     1.65   22.30
   40.519    0.933    90.47    18772.5   1443957.5   0.00   1603298.7   1649827.6  282740.0     1.72   22.01
   41.021    0.932    90.39    18705.8   1433856.0   0.00   1596208.3   1636855.2  281308.8     1.78   21.72
   41.524    0.931    90.31    18631.5   1422947.0   0.00   1588330.6   1622830.2  279759.2     1.85   21.44
   42.027    0.930    90.21    18549.4   1411194.7   0.00   1579638.9   1607711.4  278061.0     1.93   21.15
   42.530    0.929    90.11    18459.2   1398831.8   0.00   1570127.8   1591771.0  276256.8     2.00   20.86
   43.033    0.928    89.99    18360.5   1385302.0   0.00   1559749.4   1574369.3  274254.6     2.08   20.57
   43.536    0.926    89.87    18253.1   1371010.0   0.00   1548483.3   1555973.1  272098.4     2.18   20.28
   44.039    0.925    89.73    18137.1   1356350.0   0.00   1536353.9   1537046.5  269886.2     2.28   20.00
   44.542    0.924    89.59    18012.2   1340999.6   0.00   1523340.8   1517226.6  267532.6     2.39   19.71
   45.046    0.922    89.44    17879.3   1325611.0   0.00   1509542.7   1497280.6  265172.1     2.52   19.42
   45.550    0.920    89.28    17738.0   1308860.4   0.00   1494920.8   1475702.9  262553.2     2.67   19.13
   46.054    0.919    89.11    17588.5   1291793.2   0.00   1479501.0   1453692.6  259857.7     2.83   18.84
   46.558    0.917    88.93    17430.6   1273853.9   0.00   1463276.0   1430628.2  257010.3     3.00   18.55
   47.062    0.915    88.74    17264.9   1256100.7   0.00   1446324.6   1407728.3  254206.1     3.19   18.26
   47.566    0.913    88.55    17091.3   1237188.5   0.00   1428629.4   1383479.7  251190.1     3.39   17.97
   48.070    0.911    88.34    16909.9   1217940.6   0.00   1410219.0   1358822.6  248111.5     3.61   17.69
   48.574    0.909    88.13    16720.6   1197728.8   0.00   1391077.6   1333058.5  244872.0     3.84   17.40
   49.078    0.906    87.91    16523.3   1176884.0   0.00   1371207.1   1306569.0  241512.0     4.08   17.11
   49.582    0.904    87.68    16317.8   1155267.8   0.00   1350602.5   1279210.5  238030.6     4.34   16.82
   50.086    0.901    87.44    16104.2   1133347.4   0.00   1329298.5   1251520.2  234514.0     4.61   16.53
   50.590    0.899    87.19    15881.8   1110236.1   0.00   1307213.9   1222512.8  230791.6     4.90   16.24
   51.095    0.896    86.93    15651.0   1086399.4   0.00   1284399.9   1192725.3  226917.9     5.20   15.95
   51.600    0.893    86.67    15411.4   1061665.1   0.00   1260841.5   1161980.3  222907.3     5.52   15.66
   52.105    0.891    86.39    15164.6   1036147.7   0.00   1236704.6   1130440.5  218752.1     5.86   15.37
   52.607    0.888    86.11    14910.2   1010278.7   0.00   1211952.1   1098589.8  214554.3     6.20   15.09
   53.107    0.885    85.81    14648.0    983596.8   0.00   1186588.3   1065937.1  210197.5     6.55   14.80
   53.605    0.882    85.51    14378.0    956304.6   0.00   1160628.4   1032720.3  205753.2     6.91   14.52
   54.101    0.878    85.20    14099.7    928475.9   0.00   1134032.9    999029.3  201219.9     7.26   14.24
   54.596    0.875    84.88    13814.0    900177.1   0.00   1106904.6    964962.0  196592.4     7.60   13.95
   55.089    0.872    84.56    13521.1    871398.2   0.00   1079274.3    930524.1  191910.3     7.92   13.67
   55.580    0.868    84.22    13220.8    842557.1   0.00   1051136.4    896176.4  187210.2     8.22   13.39
   56.070    0.865    83.88    12912.6    813261.0   0.00   1022468.4    861506.8  182450.7     8.47   13.11
   56.560    0.861    83.53    12598.4    783454.2   0.00    993450.6    826487.2  177614.9     8.68   12.83
   57.048    0.858    83.18    12278.1    753937.9   0.00    964086.2    791977.4  172802.3     8.83   12.55
   57.535    0.854    82.82    11951.5    724466.6   0.00    934381.1    757724.1  168052.4     8.95   12.27
   58.022    0.850    82.45    11620.6    695353.8   0.00    904511.1    724077.3  163378.0     9.04   11.99
   58.508    0.846    82.09    11285.0    666177.0   0.00    874464.5    690595.6  158687.6     9.13   11.72
   58.994    0.842    81.72    10946.8    637808.8   0.00    844432.1    658205.1  154141.5     9.25   11.44
   59.479    0.839    81.35    10607.3    610386.5   0.00    814535.6    627050.3  149789.2     9.42   11.16
   59.963    0.835    80.97    10266.6    583214.4   0.00    784775.2    596405.0  145460.9     9.65   10.88
