Turbine control data for turbine  1 :
----------------------------------------
   Time   RSpeed  GSpeed  GenTorque  AeroTorque  Pitch  Power(Gen)  Power(Rot)  RotThrust  WDirection  YawOrient
    1.124    0.885    85.80    38972.9   2859802.1   0.00   3156647.5   3098786.0  372308.2     0.00  -20.00
    1.686    0.878    85.18    30932.9   2700880.1   0.00   2487447.6   2905566.5  357713.4     0.56  -20.00
    2.222    0.880    85.39    23057.9   2577285.8   0.00   1858547.9   2779129.2  348408.5     0.03  -20.00
    2.747    0.891    86.40    15347.9   2489254.8   0.00   1251842.2   2716201.8  344557.7    -0.74  -20.00
    3.261    0.910    88.24    14476.8   2422453.9   0.00   1205857.6   2699417.9  344828.5    -1.20  -20.00
    3.770    0.929    90.07    16595.5   2365128.5   0.00   1411056.5   2690303.0  348158.6    -1.30  -20.00
    4.274    0.944    91.59    18321.8   2329320.4   0.00   1584197.7   2694409.5  353571.6    -1.19  -20.00
    4.777    0.957    92.86    19558.6   2297594.2   0.00   1714521.8   2694454.2  358062.4    -1.02  -20.00
    5.278    0.968    93.93    20110.9   2262093.8   0.00   1783231.5   2683358.0  360808.2    -0.86  -20.00
    5.780    0.978    94.88    20593.2   2226362.1   0.00   1844529.4   2667784.3  362490.9    -0.72  -20.00
    6.284    0.987    95.73    21016.6   2191992.3   0.00   1899178.3   2649930.5  363682.4    -0.60  -20.00
    6.787    0.995    96.47    21391.5   2160157.6   0.00   1948094.6   2631759.6  364560.5    -0.49  -20.00
    7.290    1.001    97.12    21722.7   2129973.6   0.00   1991655.7   2612563.5  365061.7    -0.39  -20.00
    7.792    1.007    97.70    22015.4   2102209.0   0.00   2030391.7   2593709.2  365371.5    -0.31  -20.00
    8.294    1.012    98.20    22272.9   2076044.5   0.00   2064625.1   2574500.7  365451.3    -0.24  -20.00
    8.796    1.017    98.63    22497.7   2051798.1   0.00   2094615.2   2555598.1  365375.9    -0.19  -20.00
    9.297    1.021    99.00    22692.7   2029089.0   0.00   2120688.1   2536783.3  365123.6    -0.15  -20.00
    9.797    1.024    99.31    22861.1   2008295.3   0.00   2143234.4   2518788.7  364781.2    -0.11  -20.00
   10.297    1.027    99.58    23005.0   1988949.5   0.00   2162501.1   2501211.6  364340.3    -0.08  -20.00
   10.796    1.029    99.80    23126.5   1970437.4   0.00   2178749.8   2483436.3  363700.7    -0.06  -20.00
   11.294    1.031    99.98    23228.3   1954335.3   0.00   2192359.4   2467658.0  363192.9    -0.04  -20.00
   11.792    1.032   100.13    23312.3   1938844.7   0.00   2203529.1   2451714.3  362547.7    -0.03  -20.00
   12.289    1.033   100.25    23379.9   1924088.8   0.00   2212479.1   2435866.0  361766.4    -0.02  -20.00
   12.785    1.034   100.33    23433.4   1911032.3   0.00   2219493.6   2421470.7  361068.1    -0.01  -20.00
   13.281    1.035   100.40    23473.9   1898353.4   0.00   2224732.5   2406921.7  360265.5    -0.01  -20.00
   13.776    1.035   100.44    23502.8   1886312.1   0.00   2228378.6   2392624.6  359402.6    -0.00  -20.00
   14.271    1.036   100.46    23521.5   1875482.4   0.00   2230621.9   2379392.5  358586.2     0.00  -20.00
   14.765    1.036   100.46    23531.2   1865565.4   0.00   2231644.9   2366916.7  357785.8     0.01  -20.00
   15.259    1.036   100.45    23533.1   1856193.4   0.00   2231587.4   2354781.3  356982.7     0.01  -20.00
   15.752    1.035   100.43    23527.8   1846924.2   0.00   2230546.5   2342455.6  356075.5     0.01  -20.00
   16.245    1.035   100.39    23516.1   1838164.8   0.00   2228628.5   2330497.0  355138.9     0.02  -20.00
   16.738    1.034   100.35    23499.1   1830572.7   0.00   2225987.0   2319801.4  354331.0     0.02  -20.00
   17.230    1.034   100.29    23477.3   1823203.6   0.00   2222704.5   2309193.4  353483.2     0.02  -20.00
   17.722    1.033   100.23    23451.5   1816368.5   0.00   2218874.0   2299099.5  352659.0     0.02  -20.00
   18.214    1.033   100.16    23422.2   1809745.2   0.00   2214561.6   2289130.6  351809.6     0.03  -20.00
   18.706    1.032   100.08    23389.8   1803696.4   0.00   2209848.5   2279775.1  351015.0     0.03  -20.00
   19.198    1.031   100.00    23354.9   1798030.0   0.00   2204801.9   2270810.4  350231.2     0.03  -20.00
   19.690    1.030    99.92    23317.8   1792465.5   0.00   2199464.4   2261892.5  349420.9     0.03  -20.00
   20.182    1.029    99.83    23278.9   1787211.9   0.00   2193884.3   2253301.4  348623.9     0.04  -20.00
   20.674    1.028    99.74    23238.4   1782101.3   0.00   2188096.7   2244835.1  347811.3     0.04  -20.00
   21.166    1.027    99.65    23196.7   1777543.9   0.00   2182159.2   2237031.9  347069.5     0.04  -20.00
   21.658    1.026    99.56    23154.1   1773049.9   0.00   2176099.1   2229279.8  346304.6     0.04  -20.00
   22.150    1.025    99.46    23110.6   1768725.5   0.00   2169943.7   2221720.4  345544.4     0.04  -20.00
   22.642    1.024    99.37    23066.6   1764940.6   0.00   2163727.4   2214832.8  344863.0     0.05  -20.00
   23.135    1.023    99.27    23022.4   1761283.8   0.00   2157490.8   2208109.3  344188.2     0.05  -20.00
   23.628    1.022    99.18    22978.0   1757705.4   0.00   2151248.9   2201490.4  343513.1     0.05  -20.00
   24.121    1.021    99.08    22933.6   1754236.3   0.00   2145015.1   2195018.3  342841.7     0.05  -20.00
   24.614    1.020    98.98    22889.3   1750818.9   0.00   2138797.3   2188622.5  342165.1     0.06  -20.00
   25.107    1.019    98.89    22845.2   1747696.2   0.00   2132617.5   2182615.5  341530.4     0.06  -20.00
   25.600    1.018    98.79    22801.3   1744673.4   0.00   2126486.9   2176756.1  340900.2     0.06  -20.00
   26.093    1.018    98.70    22757.7   1741779.7   0.00   2120402.6   2171079.4  340291.6     0.07  -20.00
   26.587    1.017    98.61    22714.5   1738884.7   0.00   2114381.2   2165425.9  339674.3     0.07  -20.00
   27.081    1.016    98.51    22671.7   1736112.7   0.00   2108429.2   2159953.3  339074.7     0.07  -19.72
   27.575    1.015    98.44    22632.4   1741500.9   0.00   2103080.1   2164914.5  339290.5     0.07  -19.43
   28.069    1.014    98.37    22597.6   1746302.1   0.00   2098402.3   2169393.1  339467.4     0.08  -19.15
   28.563    1.014    98.31    22567.6   1751021.8   0.00   2094409.8   2174006.1  339683.4     0.09  -18.87
   29.057    1.013    98.27    22542.2   1755487.5   0.00   2091065.2   2178519.0  339905.5     0.11  -18.58
   29.552    1.013    98.23    22521.3   1759736.0   0.00   2088334.3   2182962.5  340135.2     0.13  -18.30
   30.047    1.012    98.20    22504.6   1763977.9   0.00   2086180.8   2187588.0  340404.3     0.14  -18.02
   30.542    1.012    98.18    22491.8   1768035.9   0.00   2084555.5   2192159.0  340686.8     0.16  -17.73
   31.038    1.012    98.17    22482.8   1772263.7   0.00   2083440.6   2197112.0  341040.1     0.17  -17.45
   31.534    1.012    98.16    22477.1   1776160.5   0.00   2082786.2   2201806.4  341373.0     0.17  -17.16
   32.030    1.012    98.16    22474.5   1779987.7   0.00   2082555.8   2206556.5  341734.1     0.18  -16.88
   32.527    1.012    98.17    22474.8   1783427.7   0.00   2082697.6   2210948.2  342062.3     0.18  -16.59
   33.024    1.012    98.18    22477.6   1787079.5   0.00   2083195.8   2215724.5  342462.2     0.18  -16.31
   33.521    1.012    98.19    22482.8   1790234.9   0.00   2083999.2   2219985.5  342808.0     0.17  -16.02
   34.019    1.012    98.21    22489.9   1793125.4   0.00   2085063.0   2224002.5  343118.5     0.17  -15.74
   34.517    1.013    98.23    22498.9   1796513.5   0.00   2086396.4   2228733.8  343556.8     0.17  -15.45
   35.015    1.013    98.26    22509.7   1799434.9   0.00   2087961.7   2232963.4  343935.2     0.16  -15.17
   35.514    1.013    98.29    22522.0   1802290.8   0.00   2089732.4   2237181.7  344325.8     0.15  -14.88
   36.013    1.014    98.32    22535.5   1804722.3   0.00   2091665.0   2240924.7  344668.4     0.15  -14.60
   36.512    1.014    98.36    22550.2   1807285.8   0.00   2093754.7   2244885.8  345043.5     0.14  -14.31
   37.012    1.014    98.39    22565.8   1809369.4   0.00   2095954.2   2248284.2  345353.1     0.13  -14.02
   37.512    1.015    98.43    22582.2   1811888.8   0.00   2098276.8   2252270.2  345769.2     0.13  -13.74
   38.012    1.015    98.47    22599.4   1814067.7   0.00   2100702.0   2255866.8  346138.8     0.12  -13.45
   38.513    1.016    98.51    22617.2   1816223.9   0.00   2103212.4   2259464.7  346525.1     0.11  -13.16
   39.014    1.016    98.55    22635.5   1818102.1   0.00   2105782.4   2262734.7  346860.9     0.11  -12.88
   39.515    1.016    98.59    22654.2   1819868.8   0.00   2108401.2   2265880.6  347192.6     0.10  -12.59
   40.017    1.017    98.63    22673.2   1821876.1   0.00   2111071.1   2269346.3  347577.4     0.10  -12.30
   40.519    1.017    98.67    22692.5   1823485.3   0.00   2113764.8   2272321.7  347902.6     0.09  -12.01
   41.021    1.018    98.72    22711.8   1824851.6   0.00   2116464.6   2274992.3  348196.5     0.09  -11.72
   41.524    1.018    98.76    22731.1   1826464.9   0.00   2119173.2   2277975.5  348554.1     0.09  -11.44
   42.027    1.019    98.80    22750.4   1827650.0   0.00   2121862.4   2280414.0  348837.6     0.08  -11.15
   42.530    1.019    98.84    22769.5   1828852.3   0.00   2124527.3   2282863.9  349135.3     0.08  -10.86
   43.033    1.019    98.88    22788.3   1829678.2   0.00   2127140.7   2284821.4  349370.2     0.08  -10.57
   43.536    1.020    98.92    22806.6   1830321.8   0.00   2129685.0   2286522.7  349577.9     0.08  -10.28
   44.039    1.020    98.96    22824.4   1831143.5   0.00   2132168.8   2288425.4  349818.2     0.08  -10.00
   44.542    1.021    99.00    22842.0   1832187.1   0.00   2134615.7   2290595.2  350106.9     0.08   -9.71
   45.046    1.021    99.03    22859.2   1833153.5   0.00   2137020.7   2292654.6  350397.8     0.08   -9.42
   45.550    1.021    99.07    22875.9   1833464.9   0.00   2139342.1   2293858.8  350569.5     0.08   -9.13
   46.054    1.022    99.10    22892.0   1833907.5   0.00   2141582.1   2295196.7  350769.5     0.08   -8.84
   46.558    1.022    99.13    22907.6   1834256.6   0.00   2143735.7   2296385.6  350952.4     0.08   -8.55
   47.062    1.022    99.16    22922.4   1834439.9   0.00   2145793.4   2297330.8  351115.1     0.08   -8.26
   47.566    1.023    99.19    22936.4   1834150.3   0.00   2147723.7   2297632.6  351182.7     0.08   -7.97
   48.070    1.023    99.22    22949.5   1834001.3   0.00   2149532.7   2298066.7  351274.0     0.08   -7.69
   48.574    1.023    99.24    22961.8   1833859.3   0.00   2151225.1   2298468.2  351367.6     0.09   -7.40
   49.078    1.023    99.27    22973.3   1833798.5   0.00   2152812.0   2298935.5  351485.1     0.09   -7.11
   49.582    1.024    99.29    22984.1   1833800.7   0.00   2154304.6   2299450.0  351606.0     0.09   -6.82
   50.086    1.024    99.31    22994.2   1833538.2   0.00   2155691.8   2299593.7  351685.7     0.10   -6.53
   50.590    1.024    99.33    23003.4   1833031.9   0.00   2156961.6   2299386.8  351711.1     0.10   -6.24
   51.095    1.024    99.35    23012.0   1832944.6   0.00   2158139.9   2299676.7  351821.4     0.11   -5.95
   51.600    1.024    99.36    23019.8   1832375.9   0.00   2159203.5   2299319.1  351848.6     0.11   -5.66
   52.105    1.024    99.37    23026.5   1831314.3   0.00   2160112.8   2298282.3  351778.1     0.11   -5.37
   52.607    1.025    99.39    23032.3   1830628.8   0.00   2160894.2   2297673.9  351779.2     0.12   -5.09
   53.107    1.025    99.39    23037.2   1829680.0   0.00   2161539.2   2296685.6  351730.9     0.12   -4.80
   53.605    1.025    99.40    23041.2   1828969.5   0.00   2162068.6   2295958.0  351729.5     0.13   -4.52
   54.101    1.025    99.41    23044.2   1827785.9   0.00   2162461.2   2294584.8  351646.7     0.14   -4.24
   54.596    1.025    99.41    23046.4   1826863.6   0.00   2162734.8   2293499.5  351605.1     0.14   -3.95
   55.089    1.025    99.41    23047.7   1825808.6   0.00   2162889.3   2292205.7  351540.4     0.15   -3.67
   55.580    1.025    99.41    23048.2   1824636.7   0.00   2162923.0   2290722.2  351446.0     0.15   -3.39
   56.070    1.025    99.41    23047.9   1823451.3   0.00   2162839.1   2289180.4  351351.0     0.16   -3.11
   56.560    1.025    99.40    23046.7   1822175.5   0.00   2162637.4   2287483.5  351246.5     0.17   -2.83
   57.048    1.025    99.40    23044.7   1820884.8   0.00   2162321.5   2285728.4  351137.6     0.17   -2.55
   57.535    1.025    99.39    23041.7   1819192.5   0.00   2161869.6   2283418.0  350935.4     0.18   -2.27
   58.022    1.025    99.38    23038.0   1817807.5   0.00   2161302.9   2281455.7  350801.6     0.19   -1.99
   58.508    1.024    99.37    23033.3   1816075.9   0.00   2160605.9   2279011.2  350599.7     0.20   -1.72
   58.994    1.024    99.35    23027.7   1814479.9   0.00   2159791.4   2276697.3  350420.8     0.20   -1.44
   59.479    1.024    99.34    23021.4   1812843.6   0.00   2158863.6   2274294.4  350232.1     0.21   -1.16
   59.963    1.024    99.32    23014.2   1811126.6   0.00   2157821.1   2271750.7  350029.8     0.22   -0.88
