Turbine control data for turbine  3 :
----------------------------------------
   Time   RSpeed  GSpeed  GenTorque  AeroTorque  Pitch  Power(Gen)  Power(Rot)  RotThrust  WDirection  YawOrient
    1.124    0.890    86.33    38972.9   3175385.1   0.00   3176123.7   3461970.3  388870.1     0.00    0.00
    1.686    0.889    86.24    30932.9   3030706.6   0.00   2518314.5   3300847.3  379924.3     1.05    0.00
    2.222    0.897    86.97    23057.9   2913577.2   0.00   1893027.1   3200042.8  375323.0     1.01    0.00
    2.747    0.912    88.49    15347.9   2820353.0   0.00   1282152.1   3151999.5  374599.9     0.56    0.00
    3.261    0.936    90.77    16465.4   2711679.9   0.00   1410841.9   3108401.4  372955.0     0.17    0.00
    3.770    0.957    92.79    18865.8   2645407.9   0.00   1652464.7   3099861.0  377990.2    -0.02    0.00
    4.274    0.974    94.49    20057.7   2627946.6   0.00   1789104.3   3135908.5  387891.4    -0.06    0.00
    4.777    0.989    95.97    20827.4   2580237.1   0.00   1886923.8   3127315.2  392017.8    -0.04    0.00
    5.278    1.003    97.30    21506.3   2535484.7   0.00   1975395.7   3115597.5  395179.5    -0.03    0.00
    5.780    1.015    98.48    22111.8   2488222.2   0.00   2055670.6   3094642.8  397033.4    -0.02    0.00
    6.284    1.026    99.53    22651.6   2450651.9   0.00   2128318.7   3080430.7  399347.2    -0.01    0.00
    6.787    1.036   100.46    23134.5   2413998.1   0.00   2194028.2   3062751.9  401093.6     0.00    0.00
    7.290    1.044   101.29    23565.4   2382201.4   0.00   2253244.0   3047217.7  402844.0     0.02    0.00
    7.792    1.052   102.02    23949.9   2351682.2   0.00   2306460.5   3029791.9  404139.1     0.03    0.00
    8.294    1.058   102.65    24290.9   2321732.0   0.00   2353911.6   3009890.1  404929.1     0.03    0.00
    8.796    1.064   103.21    24590.5   2292959.3   0.00   2395767.6   2988590.4  405301.8     0.04    0.00
    9.297    1.069   103.68    24851.9   2266185.7   0.00   2432402.4   2967320.3  405507.6     0.04    0.00
    9.797    1.073   104.09    25077.9   2239166.5   0.00   2464115.8   2943391.4  405139.6     0.05    0.00
   10.297    1.077   104.43    25270.4   2212849.8   0.00   2491093.8   2918250.1  404361.4     0.05    0.00
   10.796    1.079   104.71    25432.5   2189617.4   0.00   2513801.3   2895364.6  403711.2     0.05    0.00
   11.294    1.082   104.94    25567.6   2168266.9   0.00   2532696.1   2873418.3  402957.4     0.05    0.00
   11.792    1.084   105.12    25677.8   2147685.7   0.00   2548047.9   2851098.9  402017.7     0.06    0.00
   12.289    1.085   105.26    25765.9   2128945.3   0.00   2560236.2   2830029.1  401053.5     0.06    0.00
   12.785    1.086   105.36    25834.2   2110835.6   0.00   2569565.7   2808741.8  399938.8     0.06    0.00
   13.281    1.087   105.44    25885.1   2095674.3   0.00   2576437.8   2790523.9  399114.8     0.06    0.00
   13.776    1.087   105.48    25920.3   2079715.3   0.00   2581029.4   2770439.1  397875.7     0.06    0.00
   14.271    1.088   105.50    25941.5   2065248.6   0.00   2583599.9   2751659.2  396673.9     0.06    0.00
   14.765    1.088   105.50    25950.7   2052723.5   0.00   2584464.7   2734916.9  395664.5     0.06    0.00
   15.259    1.087   105.48    25948.9   2039292.6   0.00   2583719.0   2716432.0  394346.0     0.05    0.00
   15.752    1.087   105.44    25937.8   2028610.4   0.00   2581678.8   2701218.3  393343.3     0.05    0.00
   16.245    1.086   105.39    25918.8   2018151.3   0.00   2578501.1   2685952.4  392238.0     0.05    0.00
   16.738    1.086   105.32    25893.1   2008564.2   0.00   2574366.7   2671562.0  391160.1     0.05    0.00
   17.230    1.085   105.25    25861.2   1998874.9   0.00   2569355.0   2656767.8  389971.9     0.05    0.00
   17.722    1.084   105.16    25824.1   1990048.6   0.00   2563601.3   2642905.6  388863.9     0.05    0.00
   18.214    1.083   105.07    25782.2   1981083.8   0.00   2557167.9   2628657.1  387645.1     0.05    0.00
   18.706    1.082   104.97    25736.5   1973262.1   0.00   2550193.6   2615780.3  386551.9     0.05    0.00
   19.198    1.081   104.86    25687.3   1965433.0   0.00   2542740.8   2602760.1  385390.2     0.04    0.00
   19.690    1.080   104.75    25635.6   1958911.9   0.00   2534951.5   2591396.0  384405.5     0.04    0.00
   20.182    1.079   104.64    25581.9   1952762.9   0.00   2526908.2   2580467.3  383444.0     0.04    0.00
   20.674    1.078   104.52    25526.7   1946748.4   0.00   2518661.5   2569670.1  382461.9     0.04    0.00
   21.166    1.076   104.40    25470.3   1941142.9   0.00   2510269.6   2559385.4  381516.0     0.04    0.00
   21.658    1.075   104.28    25413.1   1935644.0   0.00   2501765.5   2549220.5  380554.0     0.03    0.00
   22.150    1.074   104.16    25355.2   1930427.1   0.00   2493187.4   2539418.8  379613.0     0.03    0.00
   22.642    1.073   104.04    25296.7   1925522.0   0.00   2484553.8   2530025.1  378702.0     0.03    0.00
   23.135    1.071   103.92    25238.2   1920944.8   0.00   2475924.7   2521078.6  377828.9     0.03    0.00
   23.628    1.070   103.80    25179.7   1916501.1   0.00   2467321.6   2512327.8  376962.4     0.03    0.00
   24.121    1.069   103.68    25121.4   1912174.2   0.00   2458760.1   2503754.3  376100.2     0.03    0.00
   24.614    1.068   103.56    25063.4   1908021.8   0.00   2450257.0   2495438.6  375252.8     0.02    0.00
   25.107    1.066   103.44    25005.9   1904193.4   0.00   2441839.1   2487585.8  374450.8     0.02    0.00
   25.600    1.065   103.33    24948.9   1900381.1   0.00   2433511.8   2479791.6  373641.8     0.02    0.00
   26.093    1.064   103.21    24892.4   1896916.6   0.00   2425281.0   2472493.4  372888.2     0.02    0.00
   26.587    1.063   103.10    24836.7   1893471.3   0.00   2417171.3   2465266.5  372134.7     0.01    0.00
   27.081    1.062   102.98    24781.9   1890182.0   0.00   2409190.9   2458291.9  371397.1     0.01    0.00
   27.575    1.061   102.87    24727.8   1886919.1   0.00   2401338.9   2451399.0  370658.9     0.01    0.00
   28.069    1.059   102.76    24674.6   1883844.6   0.00   2393623.9   2444802.2  369951.7     0.01    0.00
   28.563    1.058   102.65    24622.3   1880950.2   0.00   2386055.4   2438493.5  369274.2     0.01    0.00
   29.057    1.057   102.55    24571.0   1878446.0   0.00   2378641.2   2432750.0  368662.4     0.00    0.00
   29.552    1.056   102.45    24520.8   1875817.3   0.00   2371391.2   2426902.4  368028.8     0.00    0.00
   30.047    1.055   102.35    24471.6   1873176.2   0.00   2364296.6   2421092.5  367397.3    -0.00    0.00
   30.542    1.054   102.25    24423.3   1870739.0   0.00   2357347.2   2415598.6  366800.4    -0.01    0.00
   31.038    1.053   102.15    24376.1   1868265.5   0.00   2350552.8   2410111.0  366196.8    -0.01    0.00
   31.534    1.052   102.05    24329.9   1865922.8   0.00   2343913.9   2404847.0  365618.6    -0.01    0.00
   32.030    1.051   101.96    24284.6   1863476.7   0.00   2337401.8   2399493.1  365025.5    -0.01    0.00
   32.527    1.050   101.87    24240.2   1861212.8   0.00   2331036.9   2394425.7  364461.4    -0.02    0.00
   33.024    1.049   101.78    24196.9   1859200.0   0.00   2324830.6   2389738.4  363949.6    -0.02    0.00
   33.521    1.048   101.69    24154.4   1857003.4   0.00   2318752.5   2384858.4  363405.2    -0.02    0.00
   34.019    1.047   101.61    24112.9   1854775.1   0.00   2312806.6   2379982.0  362857.8    -0.02    0.00
   34.517    1.047   101.52    24072.2   1852591.5   0.00   2306986.9   2375206.4  362317.4    -0.02    0.00
   35.015    1.046   101.44    24032.3   1850692.2   0.00   2301292.9   2370841.6  361834.0    -0.03    0.00
   35.514    1.045   101.36    23993.3   1848616.7   0.00   2295723.8   2366292.8  361320.6    -0.03    0.00
   36.013    1.044   101.28    23955.1   1846521.7   0.00   2290269.5   2361757.9  360800.7    -0.03    0.00
   36.512    1.043   101.20    23917.7   1844772.8   0.00   2284934.5   2357710.2  360349.3    -0.03    0.00
   37.012    1.043   101.12    23881.1   1843042.3   0.00   2279731.6   2353732.4  359907.6    -0.03    0.00
   37.512    1.042   101.05    23845.4   1841172.3   0.00   2274646.0   2349615.3  359443.5    -0.04    0.00
   38.012    1.041   100.98    23810.3   1839215.9   0.00   2269652.0   2345418.6  358962.7    -0.04    0.00
   38.513    1.040   100.91    23776.0   1837623.0   0.00   2264779.4   2341729.8  358553.1    -0.04    0.00
   39.014    1.040   100.84    23742.4   1835845.6   0.00   2260013.3   2337841.5  358110.8    -0.04    0.00
   39.515    1.039   100.77    23709.5   1834115.4   0.00   2255339.0   2334045.3  357679.5    -0.05    0.00
   40.017    1.038   100.70    23677.3   1832549.7   0.00   2250774.3   2330497.5  357285.6    -0.05    0.00
   40.519    1.037   100.63    23645.9   1831143.7   0.00   2246326.7   2327194.9  356920.7    -0.05    0.00
   41.021    1.037   100.57    23615.2   1829829.4   0.00   2241990.1   2324048.8  356577.5    -0.06    0.00
   41.524    1.036   100.51    23585.3   1828384.5   0.00   2237763.0   2320773.1  356217.0    -0.06    0.00
   42.027    1.036   100.45    23556.1   1826809.0   0.00   2233628.5   2317361.5  355836.8    -0.06    0.00
   42.530    1.035   100.39    23527.4   1825302.6   0.00   2229583.3   2314067.8  355473.4    -0.06    0.00
   43.033    1.034   100.33    23499.5   1823987.7   0.00   2225635.0   2311052.0  355145.5    -0.07    0.00
   43.536    1.034   100.27    23472.1   1822571.9   0.00   2221774.3   2307938.0  354801.8    -0.07    0.00
   44.039    1.033   100.21    23445.3   1821064.0   0.00   2217989.3   2304732.1  354445.6    -0.07    0.00
   44.542    1.033   100.16    23419.0   1819598.9   0.00   2214268.4   2301602.6  354094.9    -0.08    0.00
   45.046    1.032   100.10    23393.1   1818162.4   0.00   2210618.4   2298533.8  353752.1    -0.08    0.00
   45.550    1.031   100.05    23367.7   1816811.2   0.00   2207041.3   2295598.8  353424.4    -0.08    0.00
   46.054    1.031   100.00    23342.8   1815375.5   0.00   2203528.6   2292578.9  353083.4    -0.08    0.00
   46.558    1.030    99.95    23318.4   1814068.2   0.00   2200084.6   2289745.7  352771.5    -0.09    0.00
   47.062    1.030    99.90    23294.4   1812808.7   0.00   2196710.4   2286997.9  352470.3    -0.09    0.00
   47.566    1.029    99.85    23270.9   1811568.7   0.00   2193405.1   2284299.0  352179.8    -0.09    0.00
   48.070    1.029    99.80    23247.9   1810449.7   0.00   2190174.1   2281779.6  351910.1    -0.10    0.00
   48.574    1.028    99.75    23225.3   1808923.8   0.00   2186987.7   2278759.0  351568.1    -0.10    0.00
   49.078    1.028    99.70    23203.0   1807827.3   0.00   2183866.8   2276305.1  351301.8    -0.10    0.00
   49.582    1.027    99.66    23181.2   1806439.7   0.00   2180792.3   2273498.7  350989.5    -0.10    0.00
   50.086    1.027    99.61    23159.7   1805344.3   0.00   2177778.6   2271083.3  350729.4    -0.11    0.00
   50.590    1.026    99.57    23138.6   1804135.9   0.00   2174811.6   2268541.9  350450.8    -0.11    0.00
   51.095    1.026    99.52    23117.8   1802923.5   0.00   2171895.2   2266012.8  350175.4    -0.11    0.00
   51.600    1.026    99.48    23097.3   1801744.4   0.00   2169028.3   2263542.9  349906.0    -0.11    0.00
   52.105    1.025    99.44    23077.4   1800659.1   0.00   2166233.7   2261216.0  349653.7    -0.11    0.00
   52.607    1.025    99.40    23057.9   1799513.9   0.00   2163497.3   2258833.7  349397.5    -0.11    0.00
   53.107    1.024    99.35    23038.7   1798319.7   0.00   2160811.5   2256406.6  349133.1    -0.12    0.00
   53.605    1.024    99.31    23019.9   1797203.7   0.00   2158177.3   2254096.2  348882.3    -0.12    0.00
   54.101    1.023    99.27    23001.5   1796133.7   0.00   2155589.6   2251860.4  348644.6    -0.12    0.00
   54.596    1.023    99.24    22983.4   1795100.1   0.00   2153055.2   2249689.1  348414.8    -0.12    0.00
   55.089    1.023    99.20    22965.6   1793970.5   0.00   2150565.5   2247412.2  348168.4    -0.12    0.00
   55.580    1.022    99.16    22948.0   1792776.1   0.00   2148106.6   2245064.1  347912.3    -0.12    0.00
   56.070    1.022    99.12    22930.7   1791700.7   0.00   2145677.5   2242876.5  347677.1    -0.13    0.00
   56.560    1.022    99.09    22913.6   1790660.4   0.00   2143291.4   2240748.3  347449.2    -0.13    0.00
   57.048    1.021    99.05    22896.8   1789467.1   0.00   2140931.2   2238436.6  347197.6    -0.13    0.00
   57.535    1.021    99.01    22880.1   1788401.3   0.00   2138596.2   2236294.1  346969.2    -0.13    0.00
   58.022    1.020    98.98    22863.6   1787306.0   0.00   2136289.9   2234124.9  346737.5    -0.13    0.00
   58.508    1.020    98.94    22847.2   1786272.9   0.00   2134009.4   2232043.3  346515.5    -0.13    0.00
   58.994    1.020    98.91    22831.1   1785181.3   0.00   2131756.0   2229897.7  346283.9    -0.14    0.00
   59.479    1.019    98.88    22815.2   1784035.3   0.00   2129524.0   2227691.0  346043.5    -0.14    0.00
   59.963    1.019    98.84    22799.3   1782966.8   0.00   2127310.6   2225588.4  345817.1    -0.14    0.00
